epoch:0 train_loss:0.07425367832183838 test_acc:0.0236 test_loss0.09847161173820496
epoch:1 train_loss:0.05834944546222687 test_acc:0.1288 test_loss0.08015191555023193
epoch:2 train_loss:0.05011605843901634 test_acc:0.1384 test_loss0.10314639657735825
